2.0000e+01 5.8000e+00 3.4600e+00 2.7200e+00    767.00    500.00
1.5000e+01 6.5000e+00 3.8500e+00 2.9200e+00    767.00    500.00
4.2050e+01 8.0400e+00 4.4800e+00 3.3198e+00    262.00    141.00
4.2050e+01 8.0450e+00 4.4900e+00 3.3455e+00    262.00    141.00
4.5000e+01 8.0500e+00 4.5000e+00 3.3713e+00    262.00    141.00
4.5000e+01 8.1750e+00 4.5090e+00 3.3985e+00    262.00    141.00
5.0000e+01 8.3000e+00 4.5230e+00 3.4258e+00    262.00    141.00
5.0000e+01 8.4825e+00 4.6090e+00 3.4561e+00    262.00    141.00
5.0000e+01 8.6650e+00 4.6960e+00 3.4864e+00    262.00    141.00
5.0000e+01 8.8475e+00 4.7830e+00 3.5167e+00    256.00    111.00
5.0000e+01 9.3600e+00 5.0800e+00 3.7557e+00    256.00    111.00
5.0000e+01 9.5280e+00 5.1860e+00 3.8175e+00    296.00    134.00
5.0000e+01 9.6960e+00 5.2920e+00 3.8793e+00    296.00    134.00
5.0000e+01 9.8640e+00 5.3980e+00 3.9410e+00    296.00    134.00
