1.5000e+01 5.8000e+00 3.2000e+00 2.6000e+00  1456.00    600.00
9.4000e+00 6.8000e+00 3.9000e+00 2.9000e+00  1350.00    600.00
1.5600e+01 8.1012e+00 4.4849e+00 3.3791e+00  1446.00    600.00
2.0000e+01 8.0891e+00 4.4771e+00 3.3769e+00  1447.00    600.00
2.0000e+01 8.0769e+00 4.4695e+00 3.3747e+00   195.00     80.00
3.5000e+01 8.0554e+00 4.4564e+00 3.3709e+00   195.00     80.00
3.5000e+01 8.0337e+00 4.4436e+00 3.3671e+00   195.00     80.00
3.5000e+01 8.0118e+00 4.4311e+00 3.3633e+00   195.00     80.00
3.5000e+01 7.9897e+00 4.4188e+00 3.3595e+00   195.00     80.00
4.5000e+01 8.6455e+00 4.6754e+00 3.4626e+00   365.00    143.00
4.5000e+01 8.7321e+00 4.7069e+00 3.4895e+00   367.00    143.00
4.5000e+01 8.8187e+00 4.7384e+00 3.5164e+00   370.00    143.00
4.5000e+01 8.9052e+00 4.7699e+00 3.5433e+00   372.00    143.00
5.0000e+01 9.3899e+00 5.0784e+00 3.7868e+00   365.00    143.00
5.0000e+01 9.6459e+00 5.2243e+00 3.8498e+00   364.00    143.00
5.0000e+01 9.9018e+00 5.3701e+00 3.9128e+00   363.00    143.00
5.0000e+01 1.0158e+01 5.5160e+00 3.9758e+00   362.00    143.00
3.5000e+01 1.0212e+01 5.5431e+00 3.9840e+00   362.00    143.00
3.5000e+01 1.0266e+01 5.5702e+00 3.9921e+00   362.00    143.00
5.1000e+01 1.0910e+01 6.0942e+00 4.4124e+00   744.00    312.00
5.0000e+01 1.1066e+01 6.2405e+00 4.4432e+00   730.00    312.00
1.0000e+02 1.1245e+01 6.3109e+00 4.5037e+00   737.00    312.00
1.0000e+02 1.1416e+01 6.3781e+00 4.5631e+00   743.00    312.00
